
 ../data/olivine.1500K    
 ../data/enstatite.PT     

  sum xvol =   1.00000000000000     

 olivine initial
 
   0.2720E+03   0.5600E+02   0.6000E+02   0.0000E+00   0.0000E+00   0.0000E+00
   0.5600E+02   0.1600E+03   0.6600E+02   0.0000E+00   0.0000E+00   0.0000E+00
   0.6000E+02   0.6600E+02   0.1920E+03   0.0000E+00   0.0000E+00   0.0000E+00
   0.0000E+00   0.0000E+00   0.0000E+00   0.4900E+02   0.0000E+00   0.0000E+00
   0.0000E+00   0.0000E+00   0.0000E+00   0.0000E+00   0.6200E+02   0.0000E+00
   0.0000E+00   0.0000E+00   0.0000E+00   0.0000E+00   0.0000E+00   0.6000E+02
 

 enstatite initial
 
   0.2250E+03   0.7200E+02   0.5400E+02   0.0000E+00   0.0000E+00   0.0000E+00
   0.7200E+02   0.1780E+03   0.5300E+02   0.0000E+00   0.0000E+00   0.0000E+00
   0.5400E+02   0.5300E+02   0.2140E+03   0.0000E+00   0.0000E+00   0.0000E+00
   0.0000E+00   0.0000E+00   0.0000E+00   0.7800E+02   0.0000E+00   0.0000E+00
   0.0000E+00   0.0000E+00   0.0000E+00   0.0000E+00   0.7600E+02   0.0000E+00
   0.0000E+00   0.0000E+00   0.0000E+00   0.0000E+00   0.0000E+00   0.8200E+02
 
  Euler angles psi theta phi
  olivine 0D0 0D0 0D0
  enstatite 90D0 90D0 0D0

  Voigt average
 
   0.2546E+03   0.5540E+02   0.5790E+02  -0.1912E-31   0.9185E-16  -0.1470E-15
   0.5540E+02   0.1795E+03   0.6780E+02   0.3374E-31  -0.3307E-15   0.3490E-15
   0.5790E+02   0.6780E+02   0.1878E+03  -0.3487E-31   0.5695E-15   0.3490E-15
  -0.1912E-31   0.3374E-31  -0.3487E-31   0.5890E+02   0.7348E-16  -0.1102E-15
   0.9185E-16  -0.3307E-15   0.5695E-15   0.7348E-16   0.6680E+02  -0.3262E-31
  -0.1470E-15   0.3490E-15   0.3490E-15  -0.1102E-15  -0.3262E-31   0.6480E+02
 
 
  STABILITY -  Kelvin eigenvalues
 
   0.3332E+03   0.1729E+03   0.1336E+03   0.1296E+03   0.1178E+03   0.1157E+03
 
  DECOMPOSITION 
  ANISOTROPIC PERCENTAGE =   14.3442088643991     
  HEXAGONAL PERCENTAGE =   12.7649573989641     
 
  END PROGRAM OK
 
