  6.749254E+01  1.623881E+00 -3.283582E-02  1.623881E+00  2.207164E+01  2.388060E-02 -3.283582E-02  2.388060E-02  2.204179E+01
  1.623881E+00  2.417015E+01  4.179104E-02  2.417015E+01  1.280597E+00  4.179104E-02  4.179104E-02  4.179104E-02  2.119403E-01
 -3.283582E-02  4.179104E-02  2.314925E+01  4.179104E-02  1.194030E-02  6.000000E-01  2.314925E+01  6.000000E-01 -1.492537E-02
  1.623881E+00  2.417015E+01  4.179104E-02  2.417015E+01  1.280597E+00  4.179104E-02  3.880597E-02  4.179104E-02  2.119403E-01
  2.207164E+01  1.280597E+00  1.194030E-02  1.280597E+00  7.161194E+01  1.194030E-02  1.194030E-02  1.194030E-02  2.222687E+01
  2.388060E-02  4.179104E-02  6.000000E-01  4.179104E-02  1.194030E-02  2.380000E+01  6.000000E-01  2.380000E+01  9.850746E-02
 -3.283582E-02  4.179104E-02  2.314925E+01  4.179104E-02  1.194030E-02  6.000000E-01  2.314925E+01  6.000000E-01 -1.492537E-02
  2.388060E-02  4.179104E-02  6.000000E-01  4.179104E-02  1.194030E-02  2.380000E+01  6.000000E-01  2.380000E+01  9.850746E-02
  2.204179E+01  2.119403E-01 -1.492537E-02  2.119403E-01  2.222687E+01  9.850746E-02 -1.492537E-02  9.850746E-02  6.940299E+01
