  6.889552E+01  1.402985E-01 -2.268657E-01  1.402985E-01  2.224478E+01  5.074627E-02 -2.268657E-01  5.074627E-02  2.176716E+01
  1.402985E-01  2.424776E+01 -1.074627E-01  2.424776E+01  5.164179E-01 -1.074627E-01 -1.074627E-01 -1.074627E-01 -4.477612E-02
 -2.268657E-01 -1.074627E-01  2.222687E+01 -1.074627E-01 -7.462687E-02  1.223881E-01  2.222687E+01  1.223881E-01 -1.641791E-01
  1.402985E-01  2.424776E+01 -1.074627E-01  2.424776E+01  5.164179E-01 -1.074627E-01 -1.432836E-01 -1.074627E-01 -4.477612E-02
  2.224478E+01  5.164179E-01 -7.462687E-02  5.164179E-01  7.582090E+01 -4.208955E-01 -7.462687E-02 -4.208955E-01  2.157612E+01
  5.074627E-02 -1.074627E-01  1.223881E-01 -1.074627E-01 -4.208955E-01  2.389552E+01  1.223881E-01  2.389552E+01 -7.432836E-01
 -2.268657E-01 -1.074627E-01  2.222687E+01 -1.074627E-01 -7.462687E-02  1.223881E-01  2.222687E+01  1.223881E-01 -1.641791E-01
  5.074627E-02 -1.074627E-01  1.223881E-01 -1.074627E-01 -4.208955E-01  2.389552E+01  1.223881E-01  2.389552E+01 -7.432836E-01
  2.176716E+01 -4.477612E-02 -1.641791E-01 -4.477612E-02  2.157612E+01 -7.432836E-01 -1.641791E-01 -7.432836E-01  6.528358E+01
