  6.871642E+01 -2.865672E-01  1.761194E-01 -2.865672E-01  2.224179E+01  5.970149E-02  1.761194E-01  5.970149E-02  2.188657E+01
 -2.865672E-01  2.412836E+01  8.358209E-02  2.412836E+01 -6.985075E-01  8.358209E-02  8.358209E-02  8.358209E-02  5.671642E-02
  1.761194E-01  8.358209E-02  2.256119E+01  8.358209E-02  3.283582E-02 -2.358209E-01  2.256119E+01 -2.358209E-01  2.208955E-01
 -2.865672E-01  2.412836E+01  8.358209E-02  2.412836E+01 -6.985075E-01  8.358209E-02 -2.776119E-01  8.358209E-02  5.671642E-02
  2.224179E+01 -6.985075E-01  3.283582E-02 -6.985075E-01  7.423881E+01 -6.388060E-01  3.283582E-02 -6.388060E-01  2.172537E+01
  5.970149E-02  8.358209E-02 -2.358209E-01  8.358209E-02 -6.388060E-01  2.394328E+01 -2.358209E-01  2.394328E+01 -9.492537E-01
  1.761194E-01  8.358209E-02  2.256119E+01  8.358209E-02  3.283582E-02 -2.358209E-01  2.256119E+01 -2.358209E-01  2.208955E-01
  5.970149E-02  8.358209E-02 -2.358209E-01  8.358209E-02 -6.388060E-01  2.394328E+01 -2.358209E-01  2.394328E+01 -9.492537E-01
  2.188657E+01  5.671642E-02  2.208955E-01  5.671642E-02  2.172537E+01 -9.492537E-01  2.208955E-01 -9.492537E-01  6.650746E+01
