 EHRsumNoLucoRottoFlat3.mb                                       
 density g/cm3 =  2.6533
  1.0000  1.0000  1.0000 90.0000 90.0000 90.00001
  1.0245   .2376   .2281   .0043  -.0013   .0052
   .2376   .9795   .2334  -.0051  -.0046  -.0050
   .2281   .2334   .9679  -.0052  -.0028   .0007
   .0043  -.0051  -.0052   .3571   .0017  -.0015
  -.0013  -.0046  -.0028   .0017   .3641   .0014
   .0052  -.0050   .0007  -.0015   .0014   .3945
