 MCsumxynoluco.mb                                                
 density g/cm3 =  2.7148
  1.0000  1.0000  1.0000 90.0000 90.0000 90.00001
  1.0350   .2579   .2550   .0009   .0106  -.0015
   .2579  1.0454   .2555   .0143   .0023   .0038
   .2550   .2555   .9143  -.0061  -.0113   .0005
   .0009   .0143  -.0061   .3295  -.0003   .0102
   .0106   .0023  -.0113  -.0003   .3343   .0057
  -.0015   .0038   .0005   .0102   .0057   .3975
