  7.319403E+01   1.402985E-01  -9.432836E-01   1.402985E-01   2.231045E+01   3.582090E-02  -9.432836E-01   3.582090E-02   2.163582E+01
  1.402985E-01   2.405075E+01  -3.850746E-01   2.405075E+01   8.656716E-02  -3.850746E-01  -3.850746E-01  -3.850746E-01   2.686567E-02
 -9.432836E-01  -3.850746E-01   2.380000E+01  -3.850746E-01  -8.955224E-02   8.358209E-02   2.380000E+01   8.358209E-02  -1.322388E+00
  1.402985E-01   2.405075E+01  -3.850746E-01   2.405075E+01   8.656716E-02  -3.850746E-01   2.985075E-02  -3.850746E-01   2.686567E-02
  2.231045E+01   8.656716E-02  -8.955224E-02   8.656716E-02   6.931343E+01   1.313433E-01  -8.955224E-02   1.313433E-01   2.188657E+01
  3.582090E-02  -3.850746E-01   8.358209E-02  -3.850746E-01   1.313433E-01   2.276716E+01   8.358209E-02   2.276716E+01   8.955224E-03
 -9.432836E-01  -3.850746E-01   2.380000E+01  -3.850746E-01  -8.955224E-02   8.358209E-02   2.380000E+01   8.358209E-02  -1.322388E+00
  3.582090E-02  -3.850746E-01   8.358209E-02  -3.850746E-01   1.313433E-01   2.276716E+01   8.358209E-02   2.276716E+01   8.955224E-03
  2.163582E+01   2.686567E-02  -1.322388E+00   2.686567E-02   2.188657E+01   8.955224E-03  -1.322388E+00   8.955224E-03   6.698507E+01
