  7.116418E+01   1.179104E+00  -5.492537E-01   1.179104E+00   2.280000E+01  -2.388060E-02  -5.492537E-01  -2.388060E-02   2.172239E+01
  1.179104E+00   2.462388E+01  -2.865672E-01   2.462388E+01   1.143284E+00  -2.865672E-01  -2.865672E-01  -2.865672E-01  -9.253731E-02
 -5.492537E-01  -2.865672E-01   2.324478E+01  -2.865672E-01  -1.104478E-01   6.119403E-01   2.324478E+01   6.119403E-01  -8.656716E-01
  1.179104E+00   2.462388E+01  -2.865672E-01   2.462388E+01   1.143284E+00  -2.865672E-01  -2.089552E-01  -2.865672E-01  -9.253731E-02
  2.280000E+01   1.143284E+00  -1.104478E-01   1.143284E+00   7.095522E+01  -3.611940E-01  -1.104478E-01  -3.611940E-01   2.175224E+01
 -2.388060E-02  -2.865672E-01   6.119403E-01  -2.865672E-01  -3.611940E-01   2.318806E+01   6.119403E-01   2.318806E+01  -7.074627E-01
 -5.492537E-01  -2.865672E-01   2.324478E+01  -2.865672E-01  -1.104478E-01   6.119403E-01   2.324478E+01   6.119403E-01  -8.656716E-01
 -2.388060E-02  -2.865672E-01   6.119403E-01  -2.865672E-01  -3.611940E-01   2.318806E+01   6.119403E-01   2.318806E+01  -7.074627E-01
  2.172239E+01  -9.253731E-02  -8.656716E-01  -9.253731E-02   2.175224E+01  -7.074627E-01  -8.656716E-01  -7.074627E-01   6.653731E+01
