  6.725373E+01   1.414925E+00   3.283582E-02   1.414925E+00   2.204478E+01  -9.850746E-02   3.283582E-02  -9.850746E-02   2.208060E+01
  1.414925E+00   2.410149E+01  -1.283582E-01   2.410149E+01   1.050746E+00  -1.283582E-01  -1.283582E-01  -1.283582E-01   2.656716E-01
  3.283582E-02  -1.283582E-01   2.311343E+01  -1.283582E-01   5.970149E-02   5.820896E-01   2.311343E+01   5.820896E-01   1.970149E-01
  1.414925E+00   2.410149E+01  -1.283582E-01   2.410149E+01   1.050746E+00  -1.283582E-01  -3.940299E-01  -1.283582E-01   2.656716E-01
  2.204478E+01   1.050746E+00   5.970149E-02   1.050746E+00   7.197015E+01  -7.223881E-01   5.970149E-02  -7.223881E-01   2.221194E+01
 -9.850746E-02  -1.283582E-01   5.820896E-01  -1.283582E-01  -7.223881E-01   2.390149E+01   5.820896E-01   2.390149E+01  -4.776119E-01
  3.283582E-02  -1.283582E-01   2.311343E+01  -1.283582E-01   5.970149E-02   5.820896E-01   2.311343E+01   5.820896E-01   1.970149E-01
 -9.850746E-02  -1.283582E-01   5.820896E-01  -1.283582E-01  -7.223881E-01   2.390149E+01   5.820896E-01   2.390149E+01  -4.776119E-01
  2.208060E+01   2.656716E-01   1.970149E-01   2.656716E-01   2.221194E+01  -4.776119E-01   1.970149E-01  -4.776119E-01   6.928358E+01
